#        weight    minuslogpost              H0       omega_cdm             A_s        A_planck    lambda_reset   g_holographic       phi_phase         z_trans         delta_z             age       chi2__BAO       chi2__CMB        chi2__SN   minuslogprior minuslogprior__0            chi2 chi2__planck_2018_lowl.TT_clik chi2__planck_2018_lowl.EE_clik chi2__planck_2018_highl_plik.TTTEEE_lite chi2__planck_2018_lensing.clik chi2__bao.desi_dr2.desi_bao_all chi2__sn.pantheonplus
              1       21077.518       66.409664      0.11314713   2.1747143e-09       1.0093584       0.3170208     0.013919599       2.8239866        19.15433       5.2823754       13.284427       223.92211        40554.82       1410.2315      -16.968918       -16.968918       42188.974                      64.552008                      396.85273                                38318.683                      1774.7323                       223.92211             1410.2315
              1       20641.963       66.409664      0.11314713   2.1747143e-09       1.0166862       0.3170208     0.013919599       2.8239866        19.15433       5.2823754       13.284427       223.92211       39653.174       1410.2315      -1.7009153       -1.7009153       41287.327                      61.186118                      396.77943                                37353.703                      1841.5047                       223.92211             1410.2315
              1       20496.782       66.292905      0.11391598   2.1824986e-09       1.0166862      0.31749538     0.013585583       2.8090287       18.842737       5.8231558       13.281971       215.51703       39370.417       1411.0311      -1.7009153       -1.7009153       40996.965                      59.644213                      396.74541                                37125.222                       1788.805                       215.51703             1411.0311
              1       20399.001       66.292905      0.11391598   2.1824986e-09       1.0185987      0.31749538     0.013585583       2.8090287       18.842737       5.8231558       13.281971       215.51703       39164.058       1411.0311       3.6977467        3.6977467       40790.606                      58.805916                      396.73769                                36902.471                      1806.0433                       215.51703             1411.0311
              1       20117.577       65.241557      0.11661405   2.1777884e-09       1.0185987      0.33129571    0.0085909774       3.0754659       18.238811        2.503911       13.295637       188.81086       38621.528       1417.4194       3.6977467        3.6977467       40227.758                      57.332566                      397.14923                                36359.394                       1807.652                       188.81086             1417.4194
              1       19958.934        65.95697      0.11640085   2.1883816e-09       1.0185987      0.31898284    0.0065196899       2.4686194       15.214977       1.4582859       13.238689       216.46996       38279.413       1414.5902       3.6977467        3.6977467       39910.473                      49.811792                      397.26216                                36105.473                       1726.866                       216.46996             1414.5902
              1       19797.507        65.95697      0.11640085   2.1883816e-09       1.0226176      0.31898284    0.0065196899       2.4686194       15.214977       1.4582859       13.238689       216.46996       37930.054       1414.5902       16.949381        16.949381       39561.114                      48.278948                      397.22285                                35722.479                      1762.0731                       216.46996             1414.5902
              1       19600.391        65.95697      0.11640085   2.1883816e-09       1.0291703      0.31898284    0.0065196899       2.4686194       15.214977       1.4582859       13.238689       216.46996       37481.528       1414.5902       44.097404        44.097404       39112.588                      45.878234                      397.10451                                35219.091                      1819.4543                       216.46996             1414.5902
              4       19552.802        65.95697      0.11640085   2.1883816e-09       1.0313308      0.31898284    0.0065196899       2.4686194       15.214977       1.4582859       13.238689       216.46996       37365.436       1414.5902       54.554071        54.554071       38996.497                      45.113296                      397.10032                                35084.861                      1838.3621                       216.46996             1414.5902
              1       12118.975       65.549742      0.11329685   2.2185241e-09       1.0313308      0.31748667    0.0058087485       2.3676793        12.08391       1.4344083       13.456753       145.75089       22570.774       1412.3156       54.554071        54.554071       24128.841                      35.379638                      396.75214                                21272.118                      866.52494                       145.75089             1412.3156
              1        12021.43       65.549742      0.11329685   2.2185241e-09       1.0387436      0.31748667    0.0058087485       2.3676793        12.08391       1.4344083       13.456753       145.75089       22292.573       1412.3156       96.110226        96.110226        23850.64                      33.507217                      396.68263                                 20940.14                      922.24374                       145.75089             1412.3156
              5       12009.098       65.549742      0.11329685   2.2185241e-09       1.0422019      0.31748667    0.0058087485       2.3676793        12.08391       1.4344083       13.456753       145.75089        22223.12       1412.3156       118.50452        118.50452       23781.186                      32.687194                      396.67851                                20845.299                      948.45529                       145.75089             1412.3156
              5       12009.015       65.549742      0.11329685   2.2185241e-09       1.0423948      0.31748667    0.0058087485       2.3676793        12.08391       1.4344083       13.456753       145.75089       22220.343       1412.3156       119.80997        119.80997        23778.41                       32.64242                      396.68154                                20841.098                      949.92114                       145.75089             1412.3156
              3         12009.3       65.549742      0.11329685   2.2185241e-09       1.0419526      0.31748667    0.0058087485       2.3676793        12.08391       1.4344083       13.456753       145.75089       22226.881       1412.3156        116.8265         116.8265       23784.947                      32.745195                      396.67851                                20850.895                       946.5618                       145.75089             1412.3156
              3       12009.272       65.549742      0.11329685   2.2185241e-09       1.0431371      0.31748667    0.0058087485       2.3676793        12.08391       1.4344083       13.456753       145.75089       22210.698       1412.3156        124.8897         124.8897       23768.765                       32.47118                      396.66701                                20825.994                      955.56628                       145.75089             1412.3156
              1       12009.187       65.549742      0.11329685   2.2185241e-09       1.0430499      0.31748667    0.0058087485       2.3676793        12.08391       1.4344083       13.456753       145.75089        22211.73       1412.3156       124.28839        124.28839       23769.797                      32.491207                      396.65548                                20827.681                      954.90281                       145.75089             1412.3156
              5       12009.003       65.549742      0.11329685   2.2185241e-09       1.0424889      0.31748667    0.0058087485       2.3676793        12.08391       1.4344083       13.456753       145.75089        22219.04       1412.3156       120.44904        120.44904       23777.107                      32.620616                      396.69295                                 20839.09                      950.63644                       145.75089             1412.3156
              1       12009.189       65.549742      0.11329685   2.2185241e-09       1.0420728      0.31748667    0.0058087485       2.3676793        12.08391       1.4344083       13.456753       145.75089       22225.044       1412.3156       117.63411        117.63411        23783.11                      32.717217                      396.67851                                20848.174                      947.47443                       145.75089             1412.3156
              1       12009.002       65.549742      0.11329685   2.2185241e-09       1.0426715      0.31748667    0.0058087485       2.3676793        12.08391       1.4344083       13.456753       145.75089        22216.55       1412.3156       121.69354        121.69354       23774.617                      32.578374                      396.67632                                 20835.27                      952.02514                       145.75089             1412.3156
              1       10447.697       64.319229      0.11335251   2.2509843e-09       1.0426715      0.32638553    0.0060611124       2.0873349       10.592626       1.4356729       13.535765       137.57671       19096.766       1417.6636       121.69354        121.69354       20652.006                      33.007562                        396.625                                17945.512                      721.62187                       137.57671             1417.6636
              1       10017.169       64.264703      0.11496082   2.2994587e-09        1.047545       0.3169914    0.0076766121       2.1048044       10.099311       1.9409898       13.546538       140.76202       18166.986       1412.8547       156.86724        156.86724       19720.603                      174.92408                      396.63033                                17015.351                      580.08103                       140.76202             1412.8547
              1        9981.849       64.264703      0.11496082   2.2994587e-09       1.0598832       0.3169914    0.0076766121       2.1048044       10.099311       1.9409898       13.546538       140.76202       17884.273       1412.8547        262.9043         262.9043       19437.889                       167.5173                      396.54092                                16660.757                       659.4578                       140.76202             1412.8547
              1       9979.9727       64.264703      0.11496082   2.2994587e-09       1.0596261       0.3169914    0.0076766121       2.1048044       10.099311       1.9409898       13.546538       140.76202       17885.436       1412.8547       260.44643        260.44643       19439.052                      167.66771                       396.5403                                 16663.45                      657.77782                       140.76202             1412.8547
              1       9786.7206       64.687013      0.11947294   2.2501214e-09       1.0595898      0.31744589    0.0078128034       1.9271737       6.9009781        2.030964       13.412538        138.6297       17493.414       1421.1973       260.10017        260.10017       19053.241                      29.186328                      396.35695                                16380.781                      687.08992                        138.6297             1421.1973
              2       9547.9775       64.687013      0.11947294   2.2501214e-09       1.0497417      0.31744589    0.0078128034       1.9271737       6.9009781        2.030964       13.412538        138.6297       17188.201       1421.1973       173.96365        173.96365       18748.028                      29.929078                      396.38478                                16137.879                      624.00815                        138.6297             1421.1973
              1       4890.5813       62.665709      0.11464425    2.229922e-09       1.0473739       0.3348784    0.0075277514       2.0163661       6.9998446       1.8482017       13.767112       137.20944       7907.2858       1425.5324       155.56746        155.56746       9470.0276                      31.412088                      396.32258                                7181.0019                      298.54919                       137.20944             1425.5324
              3       4828.4844       62.665709      0.11464425    2.229922e-09       1.0431105       0.3348784    0.0075277514       2.0163661       6.9998446       1.8482017       13.767112       137.20944       7844.8146       1425.5324       124.70616        124.70616       9407.5564                      31.767546                      396.31282                                7139.2994                      277.43483                       137.20944             1425.5324
              2       4798.1412       62.665709      0.11464425    2.229922e-09       1.0391711       0.3348784    0.0075277514       2.0163661       6.9998446       1.8482017       13.767112       137.20944       7835.9908       1425.5324       98.774963        98.774963       9398.7326                      32.143462                      396.39776                                7149.0306                      258.41895                       137.20944             1425.5324
              1       4793.9951       62.665709      0.11464425    2.229922e-09       1.0378978       0.3348784    0.0075277514       2.0163661       6.9998446       1.8482017       13.767112       137.20944       7843.4003       1425.5324       90.924023        90.924023       9406.1421                      32.274386                      396.38463                                 7162.364                      252.37729                       137.20944             1425.5324
              2        4793.123       62.665709      0.11464425    2.229922e-09       1.0359582       0.3348784    0.0075277514       2.0163661       6.9998446       1.8482017       13.767112       137.20944       7864.5756       1425.5324        79.46428         79.46428       9427.3174                      32.483502                      396.38024                                7192.4359                      243.27599                       137.20944             1425.5324
              1       4715.2823        62.00992      0.11454985   2.2093769e-09       1.0346193      0.33354898    0.0085949042       1.9979193       7.0297906       1.4775547       13.792848       159.67536       7696.8274       1430.2532       71.904301        71.904301       9286.7559                      31.941657                      396.41674                                7003.9171                      264.55188                       159.67536             1430.2532
              1       4713.6181        62.00992      0.11454985   2.2093769e-09       1.0341449      0.33354898    0.0085949042       1.9979193       7.0297906       1.4775547       13.792848       159.67536       7698.7183       1430.2532       69.294685        69.294685       9288.6469                      31.991932                      396.40472                                7008.0703                      262.25134                       159.67536             1430.2532
              2       4711.2355        62.00992      0.11454985   2.2093769e-09       1.0329913      0.33354898    0.0085949042       1.9979193       7.0297906       1.4775547       13.792848       159.67536        7706.345       1430.2532       63.098746        63.098746       9296.2735                      32.117494                      396.42407                                7021.1161                       256.6873                       159.67536             1430.2532
              1       4711.0005        62.00992      0.11454985   2.2093769e-09       1.0320926      0.33354898    0.0085949042       1.9979193       7.0297906       1.4775547       13.792848       159.67536       7715.2333       1430.2532       58.419641        58.419641       9305.1618                      32.217933                      396.43938                                7034.1928                      252.38311                       159.67536             1430.2532
              1       4711.3464        62.00992      0.11454985   2.2093769e-09       1.0330829      0.33354898    0.0085949042       1.9979193       7.0297906       1.4775547       13.792848       159.67536        7705.598       1430.2532       63.583104        63.583104       9295.5265                      32.107362                      396.43642                                7019.9266                      257.12766                       159.67536             1430.2532
              8       4711.1872        62.00992      0.11454985   2.2093769e-09       1.0318386      0.33354898    0.0085949042       1.9979193       7.0297906       1.4775547       13.792848       159.67536       7718.2052       1430.2532       57.120309        57.120309       9308.1337                      32.246698                      396.43198                                7038.3553                      251.17118                       159.67536             1430.2532
              1       4711.9559        62.00992      0.11454985   2.2093769e-09       1.0313112      0.33354898    0.0085949042       1.9979193       7.0297906       1.4775547       13.792848       159.67536       7725.0709       1430.2532       54.456163        54.456163       9314.9995                      32.307039                      396.44723                                7047.6543                      248.66233                       159.67536             1430.2532
              4       4584.0542       61.635506      0.11555742    2.233034e-09       1.0313112      0.32993756    0.0082527189       1.8905953       7.0186504       1.2527027       13.803714       184.38109        7440.563        1434.252       54.456163        54.456163       9059.1961                      32.011752                      396.50063                                6813.9578                      198.09288                       184.38109              1434.252
              3       4550.6956       61.792891      0.11533622   2.2198326e-09        1.035548      0.33612924    0.0084366348        1.850682       6.7494001       1.1813336       13.796471       174.19378       7340.1409       1432.8214        77.11755         77.11755       8947.1561                      32.309206                      396.44387                                6672.7099                      238.67788                       174.19378             1432.8214
              1       4547.0564       61.792891      0.11533622   2.2198326e-09       1.0335991      0.33612924    0.0084366348        1.850682       6.7494001       1.1813336       13.796471       174.19378       7354.4246       1432.8214       66.336522        66.336522       8961.4398                      32.511975                      396.46444                                6695.7079                      229.74036                       174.19378             1432.8214
              1       4547.0493       61.792891      0.11533622   2.2198326e-09       1.0335245      0.33612924    0.0084366348        1.850682       6.7494001       1.1813336       13.796471       174.19378       7355.2115       1432.8214       65.935972        65.935972       8962.2267                      32.519979                      396.46444                                6696.8262                      229.40084                       174.19378             1432.8214
              1       4548.0242       61.792891      0.11533622   2.2198326e-09       1.0324547      0.33612924    0.0084366348        1.850682       6.7494001       1.1813336       13.796471       174.19378       7368.4544       1432.8214       60.289424        60.289424       8975.4696                      32.636226                      396.45141                                6714.8144                      224.55237                       174.19378             1432.8214
              1       4547.8631       61.792891      0.11533622   2.2198326e-09       1.0325449      0.33612924    0.0084366348        1.850682       6.7494001       1.1813336       13.796471       174.19378       7367.1943       1432.8214       60.758317        60.758317       8974.2095                       32.62631                      396.45141                                6713.1571                      224.95955                       174.19378             1432.8214
              2       4547.1581       61.792891      0.11533622   2.2198326e-09       1.0338593      0.33612924    0.0084366348        1.850682       6.7494001       1.1813336       13.796471       174.19378       7351.8193       1432.8214       67.740862        67.740862       8958.8345                      32.484164                      396.46444                                6691.9444                      230.92632                       174.19378             1432.8214
              1       3606.8175       62.234783      0.10810806   2.2503781e-09       1.0338593      0.32546842     0.011657499        2.014965       7.0117598       2.1222895       13.961854       115.00215       5542.8868       1420.2643       67.740862        67.740862       7078.1532                      33.889032                      396.31735                                4977.2566                      135.42384                       115.00215             1420.2643
              2       3383.6821        61.81671      0.10788407   2.1590533e-09       1.0338593      0.30457002     0.010193275       1.5337445       7.3396317       4.3714261       14.022257       132.27735       5078.1831       1421.4221       67.740862        67.740862       6631.8826                      29.107839                      396.17211                                4388.5493                      264.35381                       132.27735             1421.4221
              3        3363.517        61.81671      0.10788407   2.1590533e-09       1.0286084      0.30457002     0.010193275       1.5337445       7.3396317       4.3714261       14.022257       132.27735       5090.3342       1421.4221       41.500191        41.500191       6644.0337                      29.806944                      396.20094                                4425.9681                      238.35824                       132.27735             1421.4221
              2       3140.0757       61.855435      0.11161271   2.1999574e-09       1.0286084      0.29673257     0.013992149       1.0522011       5.3381548       3.2250497       13.944715       142.31975       4629.5873        1425.244       41.500191        41.500191        6197.151                      30.524698                      396.31256                                4052.0584                      150.69165                       142.31975              1425.244
              1       3124.2742       61.855435      0.11161271   2.1999574e-09        1.032134      0.29673257     0.013992149       1.0522011       5.3381548       3.2250497       13.944715       142.31975       4563.7198        1425.244       58.632468        58.632468       6131.2835                      30.139048                      396.26308                                3972.7767                      164.54097                       142.31975              1425.244
              3        3123.811       61.855435      0.11161271   2.1999574e-09       1.0328033      0.29673257     0.013992149       1.0522011       5.3381548       3.2250497       13.944715       142.31975       4555.8394        1425.244       62.109444        62.109444       6123.4031                      30.069846                      396.26688                                3962.2767                      167.22597                       142.31975              1425.244
              1       3106.1893       61.452019      0.11394637    2.171582e-09       1.0328033      0.29553031     0.014794734       1.2609822       5.5333914         3.62082       13.951568       190.93288       4466.9051       1430.3217       62.109444        62.109444       6088.1596                       28.38363                      396.28444                                3853.1797                      189.05732                       190.93288             1430.3217
              4       3039.3412       61.452019      0.11394637    2.171582e-09       1.0252165      0.29553031     0.014794734       1.2609822       5.5333914         3.62082       13.951568       190.93288       4403.6389       1430.3217       26.894524        26.894524       6024.8934                      29.085927                      396.29556                                3820.0736                      158.18381                       190.93288             1430.3217
              1       3038.3671       61.452019      0.11394637    2.171582e-09       1.0233489      0.29553031     0.014794734       1.2609822       5.5333914         3.62082       13.951568       190.93288       4416.2024       1430.3217       19.638609        19.638609        6037.457                      29.285055                      396.31506                                3839.6742                      150.92809                       190.93288             1430.3217
              1       2622.0935       61.572413      0.11058359   2.2213304e-09        1.023684      0.29825896     0.015446251       1.2964365       5.0505329       2.7468961       14.032092       154.68399       3622.6584       1425.0459       20.899327        20.899327       5202.3884                      31.772529                      396.28469                                3124.4199                       70.18137                       154.68399             1425.0459
              2       2424.7378       61.572413      0.11058359   2.2213304e-09       1.0349732      0.29825896     0.015446251       1.2964365       5.0505329       2.7468961       14.032092       154.68399       3121.9962       1425.0459        73.87475         73.87475       4701.7262                      30.488889                       396.2171                                2592.0839                      103.20639                       154.68399             1425.0459
              2       2411.7149       61.572413      0.11058359   2.2213304e-09       1.0389122      0.29825896     0.015446251       1.2964365       5.0505329       2.7468961       14.032092       154.68399       3049.3854       1425.0459       97.157255        97.157255       4629.1154                      30.129689                      396.20021                                2506.9656                      116.08996                       154.68399             1425.0459
              3        2411.737       61.572413      0.11058359   2.2213304e-09       1.0389979      0.29825896     0.015446251       1.2964365       5.0505329       2.7468961       14.032092       154.68399       3048.3611       1425.0459        97.69144         97.69144        4628.091                       30.12237                      396.19382                                2505.6672                      116.37773                       154.68399             1425.0459
              1       2407.0662       60.923855      0.11247859   2.2579872e-09       1.0389979      0.28820219     0.016695937      0.98827285       5.5219322       2.0408292       14.019518       202.47033       2983.6783       1432.6009        97.69144         97.69144       4618.7496                      28.605033                      396.30047                                 2488.717                      70.055876                       202.47033             1432.6009
              1       2391.1368       60.923855      0.11247859   2.2579872e-09       1.0423522      0.28820219     0.016695937      0.98827285       5.5219322       2.0408292       14.019518       202.47033       2908.1597       1432.6009       119.52128        119.52128       4543.2309                      28.266363                      396.28612                                 2404.704                      78.903247                       202.47033             1432.6009
              3        2390.532       60.923855      0.11247859   2.2579872e-09         1.04387      0.28820219     0.016695937      0.98827285       5.5219322       2.0408292       14.019518       202.47033       2886.0114       1432.6009       129.99071        129.99071       4521.0827                      28.123585                      396.29219                                 2378.525                       83.07068                       202.47033             1432.6009
              1       2391.1926       60.923855      0.11247859   2.2579872e-09       1.0443584      0.28820219     0.016695937      0.98827285       5.5219322       2.0408292       14.019518       202.47033       2880.4375       1432.6009       133.43826        133.43826       4515.5087                      28.079122                      396.28016                                 2371.645                      84.433175                       202.47033             1432.6009
              2       2227.9487        60.77269      0.11276477   2.2576248e-09       1.0441369      0.28733936      0.01682198      0.99634826       5.1190009       2.0996385         14.0409       215.21071         2543.31        1433.636       131.87028        131.87028       4192.1568                       28.26753                      396.27424                                2044.8379                      73.930336                       215.21071              1433.636
              1       2227.9677        60.77269      0.11276477   2.2576248e-09       1.0441483      0.28733936      0.01682198      0.99634826       5.1190009       2.0996385         14.0409       215.21071        2543.187        1433.636       131.95075        131.95075       4192.0338                      28.266574                      396.27424                                2044.6861                       73.96009                       215.21071              1433.636
              4       2181.8557       60.217212      0.11180257   2.2682046e-09       1.0441483      0.28905727     0.015986624      0.96677438       5.5474976        2.525975        14.11243       255.24493       2408.2912       1436.2739       131.95075        131.95075         4099.81                      28.514992                      396.29461                                1918.7226                      64.759019                       255.24493             1436.2739
              8       2175.4944       60.217212      0.11180257   2.2682046e-09       1.0462792      0.28905727     0.015986624      0.96677438       5.5474976        2.525975        14.11243       255.24493       2364.7375       1436.2739       147.36625        147.36625       4056.2563                       28.30334                       396.3051                                1870.0581                      70.070934                       255.24493             1436.2739
              5        2175.869       60.217212      0.11180257   2.2682046e-09       1.0478197      0.28905727     0.015986624      0.96677438       5.5474976        2.525975        14.11243       255.24493       2342.2947       1436.2739       158.96226        158.96226       4033.8135                      28.158516                      396.25757                                  1843.84                      74.038613                       255.24493             1436.2739
              1       2175.1363       60.217212      0.11180257   2.2682046e-09       1.0469597      0.28905727     0.015986624      0.96677438       5.5474976        2.525975        14.11243       255.24493       2353.8701       1436.2739       152.44188        152.44188       4045.3889                      28.238732                      396.26415                                1857.5567                      71.810519                       255.24493             1436.2739
              5       2176.9541       60.217212      0.11180257   2.2682046e-09       1.0483459      0.28905727     0.015986624      0.96677438       5.5474976        2.525975        14.11243       255.24493        2336.368       1436.2739       163.01072        163.01072       4027.8868                      28.110487                      396.25317                                 1836.586                      75.418311                       255.24493             1436.2739
              4       2175.5356       60.217212      0.11180257   2.2682046e-09       1.0475826      0.28905727     0.015986624      0.96677438       5.5474976        2.525975        14.11243       255.24493        2345.247       1436.2739       157.15273        157.15273       4036.7658                      28.180444                      396.25501                                1847.3905                      73.421014                       255.24493             1436.2739
              7       2175.7076       60.217212      0.11180257   2.2682046e-09       1.0461082      0.28905727     0.015986624      0.96677438       5.5474976        2.525975        14.11243       255.24493       2367.6918       1436.2739       146.10231        146.10231       4059.2106                      28.319768                       396.3051                                1873.4299                      69.637029                       255.24493             1436.2739
              1       2176.2802       60.217212      0.11180257   2.2682046e-09       1.0480484      0.28905727     0.015986624      0.96677438       5.5474976        2.525975        14.11243       255.24493       2339.6082       1436.2739       160.71674        160.71674        4031.127                      28.137523                      396.25317                                1840.5806                      74.636879                       255.24493             1436.2739
              4       2176.7569       60.217212      0.11180257   2.2682046e-09       1.0455512      0.28905727     0.015986624      0.96677438       5.5474976        2.525975        14.11243       255.24493       2377.9598       1436.2739       142.01762        142.01762       4069.4786                      28.374007                      396.29677                                1885.0562                      68.232803                       255.24493             1436.2739
              2       2177.1135       60.217212      0.11180257   2.2682046e-09       1.0484076      0.28905727     0.015986624      0.96677438       5.5474976        2.525975        14.11243       255.24493       2335.7317       1436.2739       163.48819        163.48819       4027.2505                      28.104921                      396.25383                                1835.7921                      75.580845                       255.24493             1436.2739
              2       2175.4778       60.217212      0.11180257   2.2682046e-09       1.0475322      0.28905727     0.015986624      0.96677438       5.5474976        2.525975        14.11243       255.24493       2345.8974       1436.2739       156.76963        156.76963       4037.4162                      28.185123                      396.25501                                1848.1671                      73.290192                       255.24493             1436.2739
              1       2175.3624       60.217212      0.11180257   2.2682046e-09       1.0474175      0.28905727     0.015986624      0.96677438       5.5474976        2.525975        14.11243       255.24493       2347.4095       1436.2739       155.89827        155.89827       4038.9283                      28.195811                      396.25501                                1849.9662                      72.992533                       255.24493             1436.2739
              5       2175.6763       60.217212      0.11180257   2.2682046e-09        1.046131      0.28905727     0.015986624      0.96677438       5.5474976        2.525975        14.11243       255.24493       2367.2939       1436.2739       146.26997        146.26997       4058.8127                       28.31758                       396.3051                                1872.9766                        69.6946                       255.24493             1436.2739
              1       2175.7002       60.217212      0.11180257   2.2682046e-09       1.0461136      0.28905727     0.015986624      0.96677438       5.5474976        2.525975        14.11243       255.24493       2367.5981       1436.2739       146.14172        146.14172       4059.1169                      28.319254                       396.3051                                1873.3232                      69.650562                       255.24493             1436.2739
              1       2175.1671       60.217212      0.11180257   2.2682046e-09       1.0471056      0.28905727     0.015986624      0.96677438       5.5474976        2.525975        14.11243       255.24493       2351.7367       1436.2739       153.53938        153.53938       4043.2555                      28.225019                      396.25852                                1855.0671                      72.186068                       255.24493             1436.2739
              3       2175.8916       60.217212      0.11180257   2.2682046e-09       1.0478336      0.28905727     0.015986624      0.96677438       5.5474976        2.525975        14.11243       255.24493       2342.1267       1436.2739       159.06883        159.06883       4033.6455                      28.157233                      396.25757                                1843.6369                      74.074967                       255.24493             1436.2739
              1       2143.8593       60.427014      0.11220046   2.2649614e-09       1.0465102      0.28731246     0.016019714      0.95520932       5.9628406       2.5179669       14.106841       259.26095       2295.3169       1434.9794       149.08068        149.08068       3989.5573                      27.427054                      396.32105                                1802.5272                      69.041575                       259.26095             1434.9794
              2       2123.8819        60.46803      0.11206131   2.2494714e-09       1.0463255      0.28916232     0.016088111      0.88911029       5.9680694       2.3979837       14.106919        254.7903       2263.0446       1434.5104       147.70924        147.70924       3952.3453                      27.236063                      396.25111                                1758.0922                      81.465243                        254.7903             1434.5104
              1       2122.9112        60.46803      0.11206131   2.2494714e-09       1.0461836      0.28916232     0.016088111      0.88911029       5.9680694       2.3979837       14.106919        254.7903       2263.2039       1434.5104       146.65886        146.65886       3952.5046                      27.248049                      396.25111                                 1758.628                       81.07675                        254.7903             1434.5104
              2       2111.0072        60.46803      0.11206131   2.2494714e-09       1.0412049      0.28916232     0.016088111      0.88911029       5.9680694       2.3979837       14.106919        254.7903        2309.009       1434.5104       111.85234        111.85234       3998.3097                      27.706868                      396.29476                                1816.9944                      68.012928                        254.7903             1434.5104
              4       2111.6139        60.46803      0.11206131   2.2494714e-09       1.0437151      0.28916232     0.016088111      0.88911029       5.9680694       2.3979837       14.106919        254.7903       2276.1159       1434.5104       128.90556        128.90556       3965.4166                      27.466645                      396.31076                                1777.8772                      74.461314                        254.7903             1434.5104
              4       2110.0988        60.46803      0.11206131   2.2494714e-09        1.042793      0.28916232     0.016088111      0.88911029       5.9680694       2.3979837       14.106919        254.7903       2285.8483       1434.5104       122.52427        122.52427        3975.149                       27.55274                      396.30199                                1789.9339                      72.059627                        254.7903             1434.5104
              2       2110.6563        60.46803      0.11206131   2.2494714e-09       1.0432446      0.28916232     0.016088111      0.88911029       5.9680694       2.3979837       14.106919        254.7903       2280.7478       1434.5104       125.63205        125.63205       3970.0485                      27.510292                      396.31012                                1783.6965                      73.230919                        254.7903             1434.5104
              3       2109.9143        60.46803      0.11206131   2.2494714e-09       1.0422236      0.28916232     0.016088111      0.88911029       5.9680694       2.3979837       14.106919        254.7903       2293.2257       1434.5104       118.65113        118.65113       3982.5264                      27.607048                      396.30577                                1798.7174                      70.595428                        254.7903             1434.5104
              3       2110.0012        60.46803      0.11206131   2.2494714e-09       1.0426408      0.28916232     0.016088111      0.88911029       5.9680694       2.3979837       14.106919        254.7903       2287.7338       1434.5104       121.48398        121.48398       3977.0345                      27.567164                       396.3185                                1792.1813                      71.666844                        254.7903             1434.5104
              1        2109.937        60.46803      0.11206131   2.2494714e-09       1.0424911      0.28916232     0.016088111      0.88911029       5.9680694       2.3979837       14.106919        254.7903       2289.6449       1434.5104       120.46415        120.46415       3978.9457                      27.581418                       396.3185                                1794.4636                       71.28144                        254.7903             1434.5104
              1       2109.9346        60.46803      0.11206131   2.2494714e-09       1.0421417      0.28916232     0.016088111      0.88911029       5.9680694       2.3979837       14.106919        254.7903       2294.3709       1434.5104       118.09881        118.09881       3983.6716                      27.614933                      396.30577                                1800.0639                      70.386219                        254.7903             1434.5104
              1       2109.9359        60.46803      0.11206131   2.2494714e-09       1.0421377      0.28916232     0.016088111      0.88911029       5.9680694       2.3979837       14.106919        254.7903       2294.4282       1434.5104       118.07143        118.07143       3983.7289                      27.615325                      396.30577                                1800.1313                      70.375846                        254.7903             1434.5104
              3       2066.2416       60.366615        0.111157   2.2423938e-09       1.0421377      0.28690936     0.016740974      0.78590117       5.5225679       2.1930371       14.116413       237.48441        2224.568       1434.2878       118.07143        118.07143       3896.3403                      27.911629                      396.25698                                1723.8319                      76.567496                       237.48441             1434.2878
              1       2067.0441       60.366615        0.111157   2.2423938e-09       1.0430569      0.28690936     0.016740974      0.78590117       5.5225679       2.1930371       14.116413       237.48441       2213.6431       1434.2878       124.33648        124.33648       3885.4153                      27.830947                      396.25272                                1710.5116                        79.0479                       237.48441             1434.2878
              1       2066.3311       60.366615        0.111157   2.2423938e-09       1.0417778      0.28690936     0.016740974      0.78590117       5.5225679       2.1930371       14.116413       237.48441       2229.5794       1434.2878       115.65531        115.65531       3901.3516                      27.943817                      396.25413                                1729.7748                      75.606704                       237.48441             1434.2878
              6       2066.4834       60.366615        0.111157   2.2423938e-09       1.0415843      0.28690936     0.016740974      0.78590117       5.5225679       2.1930371       14.116413       237.48441        2232.464       1434.2878       114.36526        114.36526       3904.2362                      27.961264                      396.27118                                1733.1388                      75.092715                       237.48441             1434.2878
              1       2066.3496       60.366615        0.111157   2.2423938e-09       1.0417469      0.28690936     0.016740974      0.78590117       5.5225679       2.1930371       14.116413       237.48441       2230.0291       1434.2878       115.44897        115.44897       3901.8013                      27.946595                      396.25413                                1730.3038                      75.524539                       237.48441             1434.2878
              1       2066.3491       60.366615        0.111157   2.2423938e-09       1.0424526      0.28690936     0.016740974      0.78590117       5.5225679       2.1930371       14.116413       237.48441       2220.5208       1434.2878       120.20262        120.20262        3892.293                      27.883729                      396.25589                                1718.9682                      77.413015                       237.48441             1434.2878
              1       1819.5416       60.292853      0.11133004   2.2317521e-09       1.0406651      0.28911514     0.016989014      0.76609183       5.1835867       2.6832323        14.20456       291.06904        1698.208       1433.1723        108.3169         108.3169       3422.4494                      27.705308                      396.21591                                1213.9749                      60.311899                       291.06904             1433.1723
              2        1819.819       60.292853      0.11133004   2.2317521e-09       1.0400715      0.28911514     0.016989014      0.76609183       5.1835867       2.6832323        14.20456       291.06904       1706.4312       1433.1723       104.48271        104.48271       3430.6725                      27.751611                       396.2373                                 1223.516                      58.926281                       291.06904             1433.1723
              1       1820.9414       60.292853      0.11133004   2.2317521e-09       1.0393723      0.28911514     0.016989014      0.76609183       5.1835867       2.6832323        14.20456       291.06904        1717.563       1433.1723       100.03919        100.03919       3441.8044                      27.807842                      396.24448                                 1236.195                      57.315699                       291.06904             1433.1723
              2       1821.3814       60.292853      0.11133004   2.2317521e-09       1.0420672      0.28911514     0.016989014      0.76609183       5.1835867       2.6832323        14.20456       291.06904       1683.3279       1433.1723       117.59674        117.59674       3407.5692                      27.599564                      396.20947                                1195.8687                      63.650201                       291.06904             1433.1723
              2       1820.6596       60.292853      0.11133004   2.2317521e-09        1.041745      0.28911514     0.016989014      0.76609183       5.1835867       2.6832323        14.20456       291.06904       1686.2048       1433.1723       115.43651        115.43651       3410.4461                      27.623485                      396.22512                                1199.4812                      62.874984                       291.06904             1433.1723
              2        1819.571       60.292853      0.11133004   2.2317521e-09       1.0404341      0.28911514     0.016989014      0.76609183       5.1835867       2.6832323        14.20456       291.06904       1701.2639       1433.1723       106.81835        106.81835       3425.5053                      27.723182                      396.21591                                1217.5541                      59.770796                       291.06904             1433.1723
              2       1819.6347       60.292853      0.11133004   2.2317521e-09       1.0402916      0.28911514     0.016989014      0.76609183       5.1835867       2.6832323        14.20456       291.06904       1703.2321       1433.1723       105.89804        105.89804       3427.4734                      27.734297                      396.21268                                1219.8469                      59.438199                       291.06904             1433.1723
              5       1820.2261       60.292853      0.11133004   2.2317521e-09       1.0415017      0.28911514     0.016989014      0.76609183       5.1835867       2.6832323        14.20456       291.06904       1688.5791       1433.1723       113.81593        113.81593       3412.8204                      27.641705                      396.21874                                 1202.426                      62.292676                       291.06904             1433.1723
              6       1819.7161       60.292853      0.11133004   2.2317521e-09       1.0401859      0.28911514     0.016989014      0.76609183       5.1835867       2.6832323        14.20456       291.06904       1704.7568       1433.1723       105.21706        105.21706       3428.9981                      27.742594                      396.23171                                1221.5905                      59.191958                       291.06904             1433.1723
              6       1823.8211       60.292853      0.11133004   2.2317521e-09       1.0428274      0.28911514     0.016989014      0.76609183       5.1835867       2.6832323        14.20456       291.06904       1677.8813       1433.1723       122.75975        122.75975       3402.1226                      27.544346                      396.20573                                1188.6328                      65.498428                       291.06904             1433.1723
              2        1820.794       60.292853      0.11133004   2.2317521e-09       1.0418109      0.28911514     0.016989014      0.76609183       5.1835867       2.6832323        14.20456       291.06904       1685.5927       1433.1723       115.87692        115.87692       3409.8341                      27.618574                      396.22512                                1198.7159                      63.033122                       291.06904             1433.1723
              1       1819.8001       60.292853      0.11133004   2.2317521e-09       1.0400882      0.28911514     0.016989014      0.76609183       5.1835867       2.6832323        14.20456       291.06904       1706.1788       1433.1723       104.59002        104.59002       3430.4201                      27.750289                      396.23171                                1223.2317                      58.965113                       291.06904             1433.1723
              1       1819.5571       60.292853      0.11133004   2.2317521e-09       1.0407607      0.28911514     0.016989014      0.76609183       5.1835867       2.6832323        14.20456       291.06904       1696.9936       1433.1723       108.93959        108.93959        3421.235                      27.697959                      396.21591                                1212.5432                      60.536576                       291.06904             1433.1723
              1       1822.0748       60.292853      0.11133004   2.2317521e-09       1.0389385      0.28911514     0.016989014      0.76609183       5.1835867       2.6832323        14.20456       291.06904       1725.2655       1433.1723       97.321343        97.321343       3449.5068                      27.843578                      396.24384                                1244.8501                      56.328028                       291.06904             1433.1723
              1       1820.6685       60.292853      0.11133004   2.2317521e-09       1.0417495      0.28911514     0.016989014      0.76609183       5.1835867       2.6832323        14.20456       291.06904       1686.1627       1433.1723       115.46643        115.46643       3410.4041                      27.623151                      396.22512                                1199.4287                      62.885731                       291.06904             1433.1723
